9.99904E-05 0.00454616 9.99904E-05 0.995254
9.9982E-05 0.00707687 9.9982E-05 0.992723
9.998E-05 9.998E-05 9.998E-05 0.9997
9.9982E-05 0.00351179 9.9982E-05 0.996288
9.9982E-05 0.00925403 9.9982E-05 0.990546
9.9982E-05 9.9982E-05 0.00420451 0.995596
9.9982E-05 9.9982E-05 0.000244244 0.999556
9.9982E-05 9.9982E-05 0.00107646 0.998724
9.999E-05 0.000522846 0.00400993 0.995367
0.000977522 9.9982E-05 9.9982E-05 0.998823
9.998E-05 9.998E-05 9.998E-05 0.9997
9.999E-05 0.00619171 0.00519386 0.988514
9.9982E-05 0.00590095 9.9982E-05 0.993899
9.9982E-05 0.00989355 9.9982E-05 0.989906
9.998E-05 9.998E-05 9.998E-05 0.9997
9.998E-05 9.998E-05 9.998E-05 0.9997
9.998E-05 9.998E-05 9.998E-05 0.9997
9.998E-05 9.998E-05 9.998E-05 0.9997
9.998E-05 9.998E-05 9.998E-05 0.9997
0.00719243 9.9982E-05 9.9982E-05 0.992608
0.0025986 0.00852875 9.9991E-05 0.988773
9.9991E-05 0.00194267 0.00177239 0.996185
9.9982E-05 0.00529653 9.9982E-05 0.994504
9.9982E-05 9.9982E-05 0.00507965 0.99472
0.0035437 9.9982E-05 9.9982E-05 0.996256
9.9982E-05 0.0149132 9.9982E-05 0.984887
0.00375197 9.9982E-05 9.9982E-05 0.996048
0.000658388 9.9991E-05 0.00912091 0.990121
9.998E-05 9.998E-05 9.998E-05 0.9997
0.000140159 9.9982E-05 9.9982E-05 0.99966
0.00169384 0.000446073 9.9991E-05 0.99776
0.00465414 9.9982E-05 9.9982E-05 0.995146
0.00155674 0.00436859 9.9991E-05 0.993975
0.000486676 0.00620614 9.9991E-05 0.993207
9.998E-05 9.998E-05 9.998E-05 0.9997
9.9982E-05 0.000154497 9.9982E-05 0.999646
9.9982E-05 0.00761004 9.9982E-05 0.99219
9.998E-05 9.998E-05 9.998E-05 0.9997
9.9991E-05 0.00850396 0.00354073 0.987855
9.9991E-05 0.00717195 0.00131714 0.991411
9.998E-05 9.998E-05 9.998E-05 0.9997
0.00512394 9.9982E-05 9.9982E-05 0.994676
9.9991E-05 0.00468812 0.00345167 0.99176
9.9982E-05 9.9982E-05 0.00591669 0.993883
0.00158137 0.0126113 9.9991E-05 0.985707
9.9982E-05 9.9982E-05 0.0016283 0.998172
9.998E-05 9.998E-05 9.998E-05 0.9997
9.9982E-05 0.00332532 9.9982E-05 0.996475
0.000821525 9.9991E-05 0.000333171 0.998745
9.9982E-05 9.9982E-05 0.0134813 0.986319
0.183407 0.1293 0.514533 0.17276
0.627892 9.9991E-05 0.171494 0.200514
0.466063 0.110954 0.107365 0.315618
0.693352 0.00735082 0.299197 9.9991E-05
0.499727 0.256066 0.119655 0.124552
0.907924 0.091876 9.99819E-05 9.99819E-05
0.0584634 0.251761 0.662536 0.0272396
0.795852 0.129277 0.0747713 9.9991E-05
0.745712 9.9991E-05 0.156497 0.0976915
0.281977 9.9991E-05 0.491218 0.226705
0.898903 0.100897 9.9982E-05 9.9982E-05
0.437969 0.0893748 0.472556 9.9991E-05
0.616027 0.167305 0.144503 0.0721653
0.462817 9.99819E-05 0.536983 9.99819E-05
0.306374 9.9991E-05 0.616267 0.0772591
0.0697823 0.0694779 0.766327 0.0944133
0.158091 0.0194473 0.659748 0.162713
0.314312 0.133975 0.449558 0.102155
0.232021 0.0433606 0.543255 0.181364
0.664126 0.292361 9.9991E-05 0.0434124
0.537008 0.462792 9.9982E-05 9.9982E-05
0.790968 0.202375 9.9991E-05 0.00655737
0.508457 9.99819E-05 0.491343 9.99819E-05
0.0390414 9.9991E-05 0.819015 0.141844
9.9991E-05 0.124669 0.80852 0.0667114
9.9982E-05 9.9982E-05 0.624493 0.375307
9.99819E-05 0.100598 0.899202 9.99819E-05
9.9991E-05 0.292063 0.536743 0.171094
0.813415 0.0428519 9.9991E-05 0.143633
0.402046 0.0400087 0.557845 9.99909E-05
0.982893 9.99819E-05 0.0169075 9.99819E-05
0.279768 0.162511 0.263773 0.293947
0.461637 0.01629 0.358874 0.163199
0.463132 9.9991E-05 0.45449 0.0822774
0.282533 0.243329 0.290981 0.183157
9.99819E-05 0.259693 0.740107 9.99819E-05
0.517604 0.0765872 0.405709 9.9991E-05
0.363728 9.9991E-05 0.603673 0.0324985
0.50376 0.00701196 0.375929 0.113299
9.9991E-05 0.0231906 0.922253 0.0544564
0.0862958 9.99819E-05 0.913504 9.99819E-05
0.634382 9.9991E-05 0.312089 0.0534296
0.529819 0.224112 0.245969 9.9991E-05
0.221775 0.201629 0.576496 9.9991E-05
0.791278 0.187562 9.9991E-05 0.0210599
0.344388 9.9982E-05 0.655412 9.9982E-05
0.621648 0.0699233 0.128932 0.179497
0.298603 0.0463547 0.485598 0.169444
0.747392 0.137141 9.9991E-05 0.115367
0.618536 0.22175 0.0374943 0.12222
9.9982E-05 0.998718 9.9982E-05 0.00108164
0.000630143 0.987333 0.00324186 0.00879476
9.9982E-05 0.98598 0.0138196 9.9982E-05
9.998E-05 0.9997 9.998E-05 9.998E-05
0.000119092 0.993623 0.00615783 9.9991E-05
9.9982E-05 0.991097 0.00870268 9.9982E-05
0.00463138 0.994491 0.000777514 9.9991E-05
9.9982E-05 0.985008 9.9982E-05 0.0147921
0.00524532 0.99379 9.9991E-05 0.000864629
0.00373615 0.989281 9.9991E-05 0.00688292
0.00427065 0.993663 0.00196639 9.9991E-05
0.00365557 0.986627 0.00221641 0.0075014
9.9982E-05 0.996274 9.9982E-05 0.003526
0.00214145 0.997659 9.9982E-05 9.9982E-05
0.00875709 0.987829 0.00331353 9.9991E-05
9.9982E-05 0.996852 9.9982E-05 0.00294766
0.00209781 0.997702 9.9982E-05 9.9982E-05
9.9991E-05 0.986497 0.000542648 0.0128608
9.9982E-05 0.996117 9.9982E-05 0.00368285
9.9982E-05 0.99608 9.9982E-05 0.00371982
0.00291055 0.995845 9.9991E-05 0.00114427
9.998E-05 0.9997 9.998E-05 9.998E-05
9.998E-05 0.9997 9.998E-05 9.998E-05
9.998E-05 0.9997 9.998E-05 9.998E-05
9.998E-05 0.9997 9.998E-05 9.998E-05
9.998E-05 0.9997 9.998E-05 9.998E-05
9.9982E-05 0.997469 9.9982E-05 0.00233106
0.000333046 0.99686 9.9991E-05 0.0027074
9.998E-05 0.9997 9.998E-05 9.998E-05
9.998E-05 0.9997 9.998E-05 9.998E-05
9.998E-05 0.9997 9.998E-05 9.998E-05
0.00642212 0.993226 9.9991E-05 0.00025209
0.00160133 0.998199 9.9982E-05 9.9982E-05
9.998E-05 0.9997 9.998E-05 9.998E-05
9.9991E-05 0.993745 0.00454352 0.00161107
9.9982E-05 0.99075 0.00904962 9.9982E-05
0.00387031 0.994673 9.9991E-05 0.0013572
0.00138573 0.998018 0.000495816 9.9991E-05
0.00269629 0.997104 9.9982E-05 9.9982E-05
9.998E-05 0.9997 9.998E-05 9.998E-05
0.00441325 0.992212 9.9991E-05 0.00327461
0.00459609 0.988809 9.9991E-05 0.0064946
9.9982E-05 0.992804 9.9982E-05 0.00699602
9.9982E-05 0.990174 0.00962634 9.9982E-05
0.000556692 0.996454 9.9991E-05 0.00288883
9.9982E-05 0.995499 0.00430068 9.9982E-05
0.00115926 0.998641 9.9982E-05 9.9982E-05
9.9982E-05 0.995511 0.00428916 9.9982E-05
9.9991E-05 0.996095 0.00222962 0.00157496
0.00916214 0.986043 0.00151146 0.00328301
