9.9991E-05 0.994779 0.00512107
9.999E-05 0.995459 0.00444073
9.999E-05 0.9998 9.999E-05
9.999E-05 0.9998 9.999E-05
9.9991E-05 0.992505 0.00739484
0.000474461 0.999426 9.9991E-05
9.999E-05 0.9998 9.999E-05
9.999E-05 0.9998 9.999E-05
9.9991E-05 0.998728 0.00117193
9.999E-05 0.9998 9.999E-05
9.999E-05 0.9998 9.999E-05
9.9991E-05 0.99681 0.00309017
9.9991E-05 0.994608 0.00529225
9.9991E-05 0.989892 0.0100078
9.999E-05 0.9998 9.999E-05
9.999E-05 0.9998 9.999E-05
9.999E-05 0.9998 9.999E-05
9.999E-05 0.9998 9.999E-05
9.999E-05 0.9998 9.999E-05
0.00345055 0.996449 9.9991E-05
9.9991E-05 0.992199 0.00770067
9.9991E-05 0.998477 0.00142275
9.9991E-05 0.997783 0.00211666
0.00203752 0.997862 9.9991E-05
0.000692091 0.999208 9.9991E-05
9.9991E-05 0.982081 0.0178192
9.999E-05 0.9998 9.999E-05
0.0038621 0.996038 9.9991E-05
0.000902216 0.998998 9.9991E-05
9.999E-05 0.9998 9.999E-05
9.999E-05 0.9998 9.999E-05
9.999E-05 0.9998 9.999E-05
9.9991E-05 0.996131 0.00376931
9.9991E-05 0.995993 0.00390668
9.999E-05 0.9998 9.999E-05
9.999E-05 0.9998 9.999E-05
9.9991E-05 0.999062 0.000837628
9.999E-05 0.9998 9.999E-05
9.9991E-05 0.993427 0.00647269
9.9991E-05 0.992889 0.00701059
9.999E-05 0.9998 9.999E-05
9.999E-05 0.9998 9.999E-05
9.9991E-05 0.995765 0.00413536
9.999E-05 0.9998 9.999E-05
9.9991E-05 0.988926 0.0109744
9.999E-05 0.9998 9.999E-05
9.999E-05 0.9998 9.999E-05
9.9991E-05 0.997954 0.00194639
9.999E-05 0.9998 9.999E-05
0.00718638 0.991418 0.00139515
0.530263 0.236376 0.233361
0.763374 0.230315 0.00631143
0.530187 0.317719 0.152094
0.877481 9.9991E-05 0.122419
0.533406 0.149536 0.317058
0.798266 9.9991E-05 0.201634
0.554419 0.0919379 0.353643
0.777083 0.0159207 0.206997
0.816728 0.129712 0.0535601
0.703774 0.296126 9.9991E-05
0.8047 9.9991E-05 0.1952
0.750821 0.0380367 0.211142
0.674064 0.0870261 0.23891
0.923183 9.9991E-05 0.0767171
0.800554 0.152481 0.0469648
0.608292 0.183458 0.208251
0.632399 0.231557 0.136045
0.612188 0.15024 0.237571
0.617621 0.236048 0.146331
0.606603 0.0450709 0.348326
0.489266 9.9991E-05 0.510634
0.680254 0.0279801 0.291766
0.9998 9.999E-05 9.999E-05
0.736348 0.248885 0.0147676
0.579562 0.159757 0.260681
0.436706 0.470987 0.0923062
0.575748 0.12556 0.298692
0.340549 0.251438 0.408013
0.73704 0.148623 0.114337
0.816942 9.9991E-05 0.182958
0.987511 0.012389 9.9991E-05
0.409295 0.343194 0.247512
0.683941 0.205215 0.110845
0.748607 0.138782 0.112611
0.437475 0.229997 0.332528
0.49367 0.0591313 0.447198
0.817761 9.9991E-05 0.182139
0.852615 0.100704 0.0466813
0.74048 0.15211 0.107411
0.675487 0.154517 0.169996
0.873611 0.0151381 0.111251
0.911461 0.0884391 9.9991E-05
0.664353 0.0220384 0.313609
0.680251 9.9991E-05 0.319649
0.655533 0.0566366 0.287831
0.880294 0.00650288 0.113203
0.658602 0.199443 0.141955
0.630238 0.220026 0.149735
0.646413 0.135596 0.217991
0.566394 0.143548 0.290058
9.9991E-05 0.00278687 0.997113
0.00291571 0.00454014 0.992544
0.0100306 9.9991E-05 0.989869
9.999E-05 9.999E-05 0.9998
0.00104603 9.9991E-05 0.998854
9.999E-05 9.999E-05 0.9998
0.0025988 9.9991E-05 0.997301
9.9991E-05 0.0146895 0.985211
9.9991E-05 0.00491048 0.99499
9.9991E-05 0.00861497 0.991285
0.00211895 9.9991E-05 0.997781
0.00662022 0.0029653 0.990414
9.999E-05 9.999E-05 0.9998
9.999E-05 9.999E-05 0.9998
0.00614773 9.9991E-05 0.993752
9.9991E-05 0.00304611 0.996854
9.999E-05 9.999E-05 0.9998
9.9991E-05 0.0112835 0.988617
9.9991E-05 0.000597126 0.999303
9.9991E-05 0.00435368 0.995546
0.00343114 0.000931546 0.995637
9.999E-05 9.999E-05 0.9998
9.999E-05 9.999E-05 0.9998
9.999E-05 9.999E-05 0.9998
9.999E-05 9.999E-05 0.9998
9.999E-05 9.999E-05 0.9998
9.9991E-05 0.000476433 0.999424
9.9991E-05 0.00230124 0.997599
9.999E-05 9.999E-05 0.9998
9.999E-05 9.999E-05 0.9998
9.999E-05 9.999E-05 0.9998
9.9991E-05 0.00404712 0.995853
9.999E-05 9.999E-05 0.9998
9.999E-05 9.999E-05 0.9998
9.9991E-05 0.00508994 0.99481
9.999E-05 9.999E-05 0.9998
9.9991E-05 0.00447332 0.995427
9.999E-05 9.999E-05 0.9998
9.999E-05 9.999E-05 0.9998
9.999E-05 9.999E-05 0.9998
0.0020651 0.00189717 0.996038
0.000730498 0.0048034 0.994466
9.9991E-05 0.00465508 0.995245
9.9991E-05 0.000680246 0.99922
9.9991E-05 0.00269145 0.997209
9.999E-05 9.999E-05 0.9998
9.999E-05 9.999E-05 0.9998
9.999E-05 9.999E-05 0.9998
9.999E-05 9.999E-05 0.9998
0.00553313 0.00546071 0.989006
