0.995885 0.00178313 0.00213155 9.9982E-05 9.9982E-05
0.992959 0.00521148 0.00162906 9.9982E-05 9.9982E-05
0.9996 9.997E-05 9.997E-05 9.997E-05 9.997E-05
0.9996 9.997E-05 9.997E-05 9.997E-05 9.997E-05
0.994451 0.005249 9.9973E-05 9.9973E-05 9.9973E-05
0.990729 9.9973E-05 9.9973E-05 9.9973E-05 0.0089712
0.992689 9.9973E-05 9.9973E-05 9.9973E-05 0.00701109
0.997532 9.9973E-05 9.9973E-05 9.9973E-05 0.00216812
0.993546 9.9982E-05 9.9982E-05 0.00223064 0.00402362
0.995798 9.9973E-05 9.9973E-05 0.00390225 9.9973E-05
0.995793 9.9973E-05 9.9973E-05 9.9973E-05 0.00390686
0.988986 9.9973E-05 0.0107146 9.9973E-05 9.9973E-05
0.993013 0.00668712 9.9973E-05 9.9973E-05 9.9973E-05
0.989146 0.0105543 9.9973E-05 9.9973E-05 9.9973E-05
0.996257 9.9973E-05 0.00344343 9.9973E-05 9.9973E-05
0.996696 0.00300369 9.9973E-05 9.9973E-05 9.9973E-05
0.999283 9.9973E-05 9.9973E-05 0.000416936 9.9973E-05
0.992858 9.9973E-05 9.9973E-05 9.9973E-05 0.00684178
0.994499 9.9973E-05 9.9973E-05 0.00520106 9.9973E-05
0.985346 9.9973E-05 0.0143544 9.9973E-05 9.9973E-05
0.987836 0.0105416 9.9982E-05 0.00142251 9.9982E-05
0.997562 0.00213806 9.9973E-05 9.9973E-05 9.9973E-05
0.988964 0.00954322 9.9982E-05 9.9982E-05 0.00129255
0.993237 9.9973E-05 9.9973E-05 9.9973E-05 0.00646304
0.998765 9.9973E-05 9.9973E-05 0.000935338 9.9973E-05
0.986397 0.0133035 9.9973E-05 9.9973E-05 9.9973E-05
0.999155 9.9973E-05 9.9973E-05 9.9973E-05 0.000545118
0.988948 9.9982E-05 0.00593651 9.9982E-05 0.00491531
0.988614 9.9973E-05 9.9973E-05 9.9973E-05 0.0110859
0.9996 9.997E-05 9.997E-05 9.997E-05 9.997E-05
0.999524 9.9973E-05 9.9973E-05 0.000176388 9.9973E-05
0.9928 9.9982E-05 0.00276048 0.00423996 9.9982E-05
0.984814 9.9973E-05 0.0148866 9.9973E-05 9.9973E-05
0.996829 0.00287125 9.99776E-05 9.99776E-05 9.99776E-05
0.9996 9.997E-05 9.997E-05 9.997E-05 9.997E-05
0.998725 0.000830392 9.9982E-05 0.000244874 9.9982E-05
0.9955 0.00420043 9.9973E-05 9.9973E-05 9.9973E-05
0.994501 9.9973E-05 0.0051986 9.9973E-05 9.9973E-05
0.985549 0.00937894 0.00487169 9.9982E-05 9.9982E-05
0.9926 0.00628249 0.00087267 0.000145342 9.9991E-05
0.989865 0.00038252 0.00955223 9.9982E-05 9.9982E-05
0.9947 9.9973E-05 9.9973E-05 0.00499983 9.9973E-05
0.995023 9.9982E-05 9.9982E-05 0.00323952 0.00153729
0.992395 9.9973E-05 9.9973E-05 9.9973E-05 0.00730504
0.985833 0.0138675 9.99806E-05 9.99806E-05 9.99806E-05
0.9996 9.997E-05 9.997E-05 9.997E-05 9.997E-05
0.999573 9.9973E-05 0.00012702 9.9973E-05 9.9973E-05
0.997197 0.00250331 9.9973E-05 9.9973E-05 9.9973E-05
0.995825 9.9973E-05 0.00387494 9.9973E-05 9.9973E-05
0.984174 0.000824099 0.0101995 9.9991E-05 0.00470237
0.173966 0.108052 0.27539 0.176462 0.26613
0.161219 9.99819E-05 0.532345 0.306236 9.99819E-05
0.248438 0.0385458 9.9991E-05 0.297333 0.415583
9.99819E-05 9.99819E-05 0.244092 0.461397 0.294312
0.0867735 0.184888 0.522924 0.205314 9.9991E-05
9.99729E-05 0.0470362 9.99729E-05 0.952664 9.99729E-05
9.9973E-05 0.200719 9.9973E-05 9.9973E-05 0.798981
9.9991E-05 0.04474 0.314567 0.564215 0.0763783
0.0453593 9.99819E-05 9.99819E-05 0.662873 0.291567
0.199146 9.9991E-05 0.0669561 0.139855 0.593943
9.9982E-05 0.040622 0.10673 0.852448 9.9982E-05
9.9991E-05 0.0349995 0.575419 0.268352 0.121129
9.9982E-05 0.0479499 9.9982E-05 0.467899 0.483951
9.99819E-05 9.99819E-05 0.746803 0.215804 0.0371936
0.0802712 9.9991E-05 0.800471 0.0813596 0.0377985
0.109258 0.0678214 0.493843 9.9991E-05 0.328977
0.115121 9.9982E-05 0.0593643 9.9982E-05 0.825315
0.0982622 0.0910569 0.736511 0.0320287 0.0421412
0.0878272 9.99729E-05 9.99729E-05 9.99729E-05 0.911873
0.0117766 0.2208 0.337706 0.378795 0.050922
9.99819E-05 0.394511 0.269636 0.335653 9.99819E-05
9.9982E-05 0.144332 0.222665 0.632803 9.9982E-05
9.99819E-05 9.99819E-05 0.139139 0.307943 0.552718
0.110608 9.99819E-05 0.0990031 9.99819E-05 0.790189
0.0599173 0.0914752 0.498826 9.9991E-05 0.349682
0.383636 9.9991E-05 0.0796068 0.0071091 0.529548
9.99819E-05 0.073195 0.467104 9.99819E-05 0.459501
0.161407 0.24918 0.425519 9.9991E-05 0.163795
0.083653 9.9982E-05 9.9982E-05 0.73863 0.177517
9.99819E-05 9.99819E-05 0.574277 0.223169 0.202354
9.99728E-05 9.99728E-05 0.234622 0.765079 9.99728E-05
0.279127 0.10918 0.409259 0.202334 9.9991E-05
0.125369 9.99819E-05 0.842989 0.0314421 9.99819E-05
0.0558198 9.9991E-05 0.0761573 0.357068 0.510855
0.183669 0.220329 0.235452 0.280788 0.0797616
9.99729E-05 0.262285 9.99729E-05 9.99729E-05 0.737415
9.9991E-05 0.0310636 0.249892 0.266551 0.452393
9.99729E-05 9.99729E-05 9.99729E-05 0.191928 0.807772
0.0878777 9.9991E-05 0.417792 0.227878 0.266352
0.0225365 9.9982E-05 0.207598 9.9982E-05 0.769665
9.99729E-05 9.99729E-05 0.228128 9.99729E-05 0.771572
0.0289579 9.9991E-05 0.269164 0.410701 0.291078
9.9991E-05 0.158262 0.0763538 0.382854 0.38243
9.9991E-05 0.179116 0.144161 0.123348 0.553275
9.9973E-05 0.120059 9.9973E-05 0.879641 9.9973E-05
9.9982E-05 9.9982E-05 0.848817 0.0121275 0.138856
0.14863 0.00260649 0.289832 0.502648 0.056284
0.156894 9.9982E-05 0.681012 9.9982E-05 0.161894
0.0737164 0.0750555 9.9991E-05 0.757703 0.0934253
0.103074 0.169249 0.0568246 0.655834 0.0150188
0.00225028 0.995011 9.9982E-05 9.9982E-05 0.00253866
0.00425151 0.986278 9.9982E-05 9.9982E-05 0.00927018
9.9982E-05 0.992024 0.00350554 9.9982E-05 0.00427011
9.997E-05 0.9996 9.997E-05 9.997E-05 9.997E-05
9.9982E-05 0.987722 0.00385808 9.9982E-05 0.00822032
9.9973E-05 0.987791 0.0119093 9.9973E-05 9.9973E-05
9.9982E-05 0.997422 9.9982E-05 0.0010908 0.00128765
0.00958088 0.989303 9.9982E-05 0.000916133 9.9982E-05
9.9982E-05 0.991602 0.00653275 0.00166569 9.9982E-05
0.007482 0.984214 0.00810381 9.9982E-05 9.9982E-05
9.9973E-05 0.990171 9.9973E-05 0.00952879 9.9973E-05
0.00130007 0.987312 0.00917115 0.00211661 9.9991E-05
9.997E-05 0.9996 9.997E-05 9.997E-05 9.997E-05
0.00141525 0.98993 9.9982E-05 0.00845461 9.9982E-05
0.0010423 0.984792 9.9982E-05 0.0139656 9.9982E-05
0.0053062 0.991877 9.9982E-05 0.00261708 9.9982E-05
9.9973E-05 0.997217 9.9973E-05 0.00248342 9.9973E-05
0.0106832 0.985361 9.9982E-05 9.9982E-05 0.00375558
0.00374321 0.99255 9.9982E-05 9.9982E-05 0.0035068
0.00607483 0.993625 9.9973E-05 9.9973E-05 9.9973E-05
0.00110568 0.991338 9.9982E-05 0.00735618 9.9982E-05
9.9973E-05 0.997483 9.9973E-05 0.00221744 9.9973E-05
9.9973E-05 0.997203 0.00249752 9.9973E-05 9.9973E-05
9.9973E-05 0.998823 0.000877008 9.9973E-05 9.9973E-05
9.9973E-05 0.997184 9.9973E-05 0.00251604 9.9973E-05
9.9973E-05 0.999146 9.9973E-05 9.9973E-05 0.000554039
0.00946992 0.990141 9.9982E-05 9.9982E-05 0.000189118
0.00753836 0.982726 9.9982E-05 9.9982E-05 0.00953569
9.997E-05 0.9996 9.997E-05 9.997E-05 9.997E-05
9.997E-05 0.9996 9.997E-05 9.997E-05 9.997E-05
9.9973E-05 0.996202 9.9973E-05 9.9973E-05 0.00349762
9.9973E-05 0.990661 9.9973E-05 0.0090388 9.9973E-05
9.9973E-05 0.993435 9.9973E-05 0.00626555 9.9973E-05
9.997E-05 0.9996 9.997E-05 9.997E-05 9.997E-05
0.00823139 0.991469 9.9973E-05 9.9973E-05 9.9973E-05
9.9982E-05 0.984918 0.00435073 9.9982E-05 0.010531
9.9973E-05 0.993058 9.9973E-05 0.00664189 9.9973E-05
9.9982E-05 0.983466 9.9982E-05 0.0049068 0.011427
9.9982E-05 0.993311 9.9982E-05 0.00230403 0.00418487
9.9982E-05 0.996962 9.9982E-05 0.00169158 0.00114661
0.00515452 0.981082 9.9982E-05 0.0135636 9.9982E-05
0.00713927 0.984879 0.0077818 9.9982E-05 9.9982E-05
0.00724363 0.986992 9.9982E-05 0.00556445 9.9982E-05
9.9973E-05 0.991819 9.9973E-05 9.9973E-05 0.00788123
0.00508448 0.992084 9.9982E-05 0.00263156 9.9982E-05
9.9973E-05 0.991228 9.9973E-05 9.9973E-05 0.00847188
0.00162838 0.992021 0.00486646 0.00138454 9.9991E-05
9.9973E-05 0.996362 9.9973E-05 0.00333815 9.9973E-05
0.00366487 0.991355 0.00478044 9.9982E-05 9.9982E-05
0.00287051 0.98593 0.00870485 0.00239477 9.9991E-05
