9.9982E-05 0.0028836 0.996916 9.9982E-05
9.9982E-05 0.00426879 0.995531 9.9982E-05
9.9982E-05 0.00290027 0.9969 9.9982E-05
9.998E-05 9.998E-05 0.9997 9.998E-05
9.9982E-05 0.00230086 0.997499 9.9982E-05
0.00973939 9.998E-05 0.990061 9.998E-05
0.000493268 9.9982E-05 0.999307 9.9982E-05
0.00293613 9.9982E-05 0.996864 9.9982E-05
0.00708155 9.9982E-05 0.992718 9.9982E-05
9.9982E-05 9.9982E-05 0.997041 0.0027587
9.998E-05 9.998E-05 0.9997 9.998E-05
0.00354727 0.000976575 0.995376 9.9991E-05
9.9982E-05 0.00578883 0.994011 9.9982E-05
0.000913698 0.01078 0.988206 9.9991E-05
9.9982E-05 9.9982E-05 0.997119 0.00268093
9.9982E-05 0.00304854 0.996751 9.9982E-05
9.998E-05 9.998E-05 0.9997 9.998E-05
0.00548972 9.9982E-05 0.99431 9.9982E-05
9.9982E-05 9.9982E-05 0.999615 0.000184884
0.00255547 0.00268833 0.988529 0.00622722
9.9991E-05 0.00881668 0.990742 0.000341347
9.9982E-05 0.00179547 0.998005 9.9982E-05
9.9982E-05 0.00690652 0.992894 9.9982E-05
0.00174597 9.9982E-05 0.998054 9.9982E-05
9.998E-05 9.998E-05 0.9997 9.998E-05
9.9982E-05 0.0141096 0.98569 9.9982E-05
9.998E-05 9.998E-05 0.9997 9.998E-05
0.0111269 9.9982E-05 0.988673 9.9982E-05
0.000394077 9.9991E-05 0.992193 0.00731292
9.998E-05 9.998E-05 0.9997 9.998E-05
9.998E-05 9.998E-05 0.9997 9.998E-05
9.9982E-05 9.9982E-05 0.995315 0.00448491
0.00123499 0.00533616 0.993329 9.9991E-05
9.9991E-05 0.00178333 0.997604 0.000513006
9.998E-05 9.998E-05 0.9997 9.998E-05
9.9982E-05 9.9982E-05 0.998527 0.00127255
9.9982E-05 0.00486569 0.994934 9.9982E-05
9.998E-05 9.998E-05 0.9997 9.998E-05
0.00775826 0.00703616 0.985106 9.9991E-05
9.9982E-05 0.00788218 0.991918 9.9982E-05
0.000140909 0.00416713 0.995592 9.9991E-05
9.9982E-05 9.9982E-05 0.994955 0.00484536
9.9982E-05 0.00854664 0.991253 9.9982E-05
0.00572343 9.9982E-05 0.994077 9.9982E-05
9.9982E-05 0.0094433 0.990357 9.9982E-05
9.998E-05 9.998E-05 0.9997 9.998E-05
0.000597891 9.9982E-05 0.999202 9.9982E-05
9.998E-05 9.998E-05 0.9997 9.998E-05
9.9982E-05 0.00170206 0.998098 9.9982E-05
0.016343 9.9982E-05 0.983457 9.9982E-05
0.510614 0.127594 0.173914 0.187878
0.183884 9.9991E-05 0.195959 0.620056
0.100732 0.109734 0.31116 0.478374
0.294231 0.0108284 9.9991E-05 0.694841
0.121908 0.257398 0.125548 0.495146
9.99819E-05 0.0909182 9.99819E-05 0.908882
0.64999 0.249718 0.0240131 0.0762789
0.0941517 0.123954 0.00190844 0.779986
0.144717 9.9991E-05 0.0942076 0.760976
0.505887 9.9991E-05 0.224758 0.269255
9.9982E-05 0.102569 9.9982E-05 0.897231
0.469997 0.0840221 9.9991E-05 0.445881
0.149723 0.166044 0.0734713 0.610762
0.549735 9.99819E-05 9.99819E-05 0.450065
0.61961 9.9991E-05 0.0718316 0.308458
0.748494 0.0736728 0.0965527 0.08128
0.672235 0.011982 0.154714 0.161069
0.449547 0.128083 0.104925 0.317445
0.526399 0.0407569 0.186568 0.246276
9.9991E-05 0.289251 0.0479259 0.662723
9.9982E-05 0.467406 9.9982E-05 0.532394
9.9991E-05 0.210869 0.0092481 0.779783
0.483307 9.99819E-05 9.99819E-05 0.516493
0.823301 9.9991E-05 0.127915 0.0486844
0.800203 0.129401 0.0702954 9.9991E-05
0.619702 9.9982E-05 0.380098 9.9982E-05
0.907008 0.0927921 9.99819E-05 9.99819E-05
0.550315 0.284014 0.165572 9.9991E-05
9.9991E-05 0.0499629 0.140149 0.809788
0.556042 0.0355708 9.99909E-05 0.408287
0.0154014 9.99819E-05 9.99819E-05 0.984399
0.26142 0.162051 0.298523 0.278005
0.362083 0.0133312 0.164475 0.460111
0.448429 0.00176851 0.0798824 0.46992
0.275112 0.247559 0.185627 0.291702
0.739557 0.260243 9.99819E-05 9.99819E-05
0.409082 0.0797675 9.9991E-05 0.511051
0.604925 9.9991E-05 0.0275357 0.367439
0.381714 0.00568363 0.116699 0.495903
0.936293 0.0159557 0.0476517 9.9991E-05
0.89262 9.99819E-05 9.99819E-05 0.10718
0.294854 9.9991E-05 0.0558427 0.649203
0.244256 0.221353 9.9991E-05 0.534291
0.566739 0.20281 9.9991E-05 0.230351
9.9991E-05 0.187269 0.0215938 0.791038
0.652325 9.9982E-05 9.9982E-05 0.347475
0.135902 0.0681049 0.174601 0.621392
0.489726 0.0479458 0.169159 0.293169
9.9991E-05 0.149176 0.118753 0.731971
0.036711 0.222111 0.12236 0.618818
9.9982E-05 0.994909 0.00489105 9.9982E-05
0.00209877 0.989584 0.00701959 0.00129805
0.00854757 0.991252 9.9982E-05 9.9982E-05
9.998E-05 0.9997 9.998E-05 9.998E-05
0.00891879 0.990881 9.9982E-05 9.9982E-05
0.00812824 0.991672 9.9982E-05 9.9982E-05
9.9982E-05 0.998995 9.9982E-05 0.000805212
9.9982E-05 0.995091 0.00470864 9.9982E-05
9.99852E-05 0.993409 9.99852E-05 0.00639053
9.9982E-05 0.99461 0.00519015 9.9982E-05
9.9982E-05 0.993151 9.9982E-05 0.00664918
9.9982E-05 0.990014 9.9982E-05 0.00978609
9.998E-05 0.9997 9.998E-05 9.998E-05
9.9991E-05 0.99115 0.000869907 0.00788033
0.00764499 0.980848 0.00446676 0.00703987
9.9982E-05 0.995686 0.00411434 9.9982E-05
9.9982E-05 0.992501 9.9982E-05 0.00729865
0.00535352 0.983154 0.0113929 9.9991E-05
9.9982E-05 0.998427 0.00137256 9.9982E-05
9.9982E-05 0.997866 0.00193403 9.9982E-05
9.9991E-05 0.991239 0.00383341 0.00482764
9.998E-05 0.9997 9.998E-05 9.998E-05
9.998E-05 0.9997 9.998E-05 9.998E-05
9.998E-05 0.9997 9.998E-05 9.998E-05
9.998E-05 0.9997 9.998E-05 9.998E-05
9.9982E-05 0.998898 0.000901881 9.9982E-05
9.9982E-05 0.99288 0.00692014 9.9982E-05
0.00506635 0.991564 0.00326975 9.9991E-05
9.998E-05 0.9997 9.998E-05 9.998E-05
9.998E-05 0.9997 9.998E-05 9.998E-05
9.998E-05 0.9997 9.998E-05 9.998E-05
9.9982E-05 0.996726 9.9982E-05 0.00307434
9.9982E-05 0.995627 9.9982E-05 0.0041735
9.998E-05 0.9997 9.998E-05 9.998E-05
9.9982E-05 0.994238 0.00556161 9.9982E-05
0.0120304 0.98777 9.9982E-05 9.9982E-05
9.9982E-05 0.998442 9.9982E-05 0.00135756
0.0105948 0.98905 9.9991E-05 0.000255595
9.9982E-05 0.993747 9.9982E-05 0.00605324
9.998E-05 0.9997 9.998E-05 9.998E-05
9.9991E-05 0.991692 0.005388 0.00281963
0.00121594 0.989369 0.0049722 0.00444272
9.9991E-05 0.990095 0.00935771 0.000446933
0.00642989 0.99337 9.9982E-05 9.9982E-05
9.9982E-05 0.992852 0.00694842 9.9982E-05
0.00987796 0.989922 9.9982E-05 9.9982E-05
9.9991E-05 0.994135 0.00165908 0.00410583
0.00127494 0.998525 9.9982E-05 9.9982E-05
0.00306778 0.991545 0.00180121 0.00358598
0.0104828 0.989317 9.9982E-05 9.9982E-05
