9.9982E-05 9.9982E-05 0.00743554 0.000994663 0.99137
9.9982E-05 9.9982E-05 0.00574171 0.000463444 0.993595
9.997E-05 9.997E-05 9.997E-05 9.997E-05 0.9996
0.00115113 9.9973E-05 9.9973E-05 9.9973E-05 0.998549
0.00385244 0.00133574 0.00668307 9.99934E-05 0.988029
0.00286252 9.9982E-05 9.9982E-05 0.000142353 0.996795
0.00567412 9.9973E-05 9.9973E-05 9.9973E-05 0.994026
9.99783E-05 9.99783E-05 9.99783E-05 0.001489 0.998211
0.00182553 0.00176833 0.00148993 9.9991E-05 0.994816
0.00141441 0.00341199 9.9982E-05 9.9982E-05 0.994974
0.00286654 9.9973E-05 9.9973E-05 9.9973E-05 0.996834
9.9982E-05 9.9982E-05 0.00146231 0.0153972 0.982941
9.9973E-05 9.9973E-05 0.00980287 9.9973E-05 0.989897
9.9973E-05 9.9973E-05 0.0111617 9.9973E-05 0.988538
9.997E-05 9.997E-05 9.997E-05 9.997E-05 0.9996
9.997E-05 9.997E-05 9.997E-05 9.997E-05 0.9996
0.000453028 9.9973E-05 9.9973E-05 9.9973E-05 0.999247
0.00167497 9.9973E-05 9.9973E-05 9.9973E-05 0.998025
9.997E-05 9.997E-05 9.997E-05 9.997E-05 0.9996
9.9982E-05 0.00411832 9.9982E-05 0.00732793 0.988354
9.999E-05 0.00458464 0.00446765 0.000806855 0.990041
0.000238557 9.9982E-05 0.0042496 9.9982E-05 0.995312
0.00254193 9.9982E-05 0.00124485 9.9982E-05 0.996013
0.00558067 9.9973E-05 9.9973E-05 9.9973E-05 0.994119
9.9973E-05 0.0105759 9.9973E-05 9.9973E-05 0.989124
9.9982E-05 0.00266925 0.0158898 9.9982E-05 0.981241
0.0018513 9.9973E-05 9.9973E-05 9.9973E-05 0.997849
0.00663549 9.9982E-05 9.9982E-05 0.00069635 0.992468
0.00182585 9.9982E-05 9.9982E-05 0.000895513 0.997079
9.9973E-05 0.00112194 9.9973E-05 9.9973E-05 0.998578
0.00302069 0.0030153 9.9982E-05 9.9982E-05 0.993764
9.9973E-05 0.00737587 9.9973E-05 9.9973E-05 0.992324
9.9973E-05 9.9973E-05 9.9973E-05 0.00677253 0.992928
9.9982E-05 0.00279325 0.0046014 9.9982E-05 0.992405
9.997E-05 9.997E-05 9.997E-05 9.997E-05 0.9996
9.997E-05 9.997E-05 9.997E-05 9.997E-05 0.9996
9.9973E-05 9.9973E-05 0.00458354 9.9973E-05 0.995117
9.9973E-05 9.9973E-05 9.9973E-05 0.00323863 0.996461
9.9982E-05 9.9982E-05 0.00479364 0.00592666 0.98908
9.9991E-05 0.00123387 0.00354102 0.00165262 0.993472
9.9973E-05 9.9973E-05 9.9973E-05 0.00517999 0.99452
9.9973E-05 0.00666525 9.9973E-05 9.9973E-05 0.993035
0.00522002 0.00319077 0.000671553 9.9991E-05 0.990818
0.00535357 9.9973E-05 9.9973E-05 9.9973E-05 0.994347
9.9982E-05 9.9982E-05 0.0116817 0.00480403 0.983314
9.997E-05 9.997E-05 9.997E-05 9.997E-05 0.9996
9.997E-05 9.997E-05 9.997E-05 9.997E-05 0.9996
9.9982E-05 0.00263631 0.00438797 9.9982E-05 0.992776
9.9973E-05 9.9973E-05 9.9973E-05 0.0054178 0.994282
0.00137559 9.9982E-05 9.9982E-05 0.016891 0.981533
0.258324 0.191717 0.105734 0.275649 0.168577
9.99819E-05 0.315673 9.99819E-05 0.523529 0.160598
0.437983 0.277905 0.039115 9.9991E-05 0.244897
0.280574 0.478521 9.99819E-05 0.240705 9.99819E-05
9.9991E-05 0.203035 0.17437 0.526263 0.0962318
9.99729E-05 0.946707 0.0529934 9.99729E-05 9.99729E-05
0.801477 9.9973E-05 0.198223 9.9973E-05 9.9973E-05
0.0676621 0.544115 0.0585855 0.329537 9.9991E-05
0.294453 0.662984 9.99819E-05 9.99819E-05 0.0423627
0.574408 0.155644 9.9991E-05 0.0664822 0.203366
9.9982E-05 0.851547 0.0477215 0.100532 9.9982E-05
0.113555 0.272887 0.036305 0.577154 9.9991E-05
0.485115 0.463548 0.0511367 9.99819E-05 9.99819E-05
0.0203392 0.240465 9.99819E-05 0.738996 9.99819E-05
0.022236 0.0904925 9.9991E-05 0.801741 0.0854309
0.326415 9.9991E-05 0.062107 0.504484 0.106894
0.831231 9.9982E-05 9.9982E-05 0.0561014 0.112467
0.0258133 0.0440571 0.0925052 0.735474 0.10215
0.922573 9.99729E-05 9.99729E-05 9.99729E-05 0.0771271
0.0539707 0.372619 0.229636 0.331243 0.0125309
9.99819E-05 0.323108 0.39745 0.279242 9.99819E-05
9.9982E-05 0.626805 0.143773 0.229222 9.9982E-05
0.538468 0.300411 9.99819E-05 0.160921 9.99819E-05
0.78516 9.99819E-05 9.99819E-05 0.100129 0.114511
0.343661 9.9991E-05 0.0901152 0.511336 0.0547878
0.520542 0.0138846 9.9991E-05 0.0784728 0.387
0.455783 9.99819E-05 0.0729946 0.471022 9.99819E-05
0.148207 9.9991E-05 0.251518 0.435841 0.164333
0.175765 0.746431 9.9982E-05 9.9982E-05 0.077604
0.183786 0.233957 0.00114882 0.581008 9.9991E-05
9.99729E-05 0.770754 9.99729E-05 0.228946 9.99729E-05
9.9991E-05 0.204486 0.115161 0.399165 0.281088
9.99819E-05 0.0333484 9.99819E-05 0.839487 0.126965
0.516105 0.344155 9.9991E-05 0.0889547 0.0506853
0.0757956 0.283216 0.223128 0.23193 0.18593
0.742968 9.99729E-05 0.256732 9.99729E-05 9.99729E-05
0.430854 0.249558 0.0302692 0.289219 9.9991E-05
0.798205 0.201495 9.99729E-05 9.99729E-05 9.99729E-05
0.268381 0.225896 9.9991E-05 0.423302 0.0823208
0.772309 9.9982E-05 9.9982E-05 0.209426 0.0180653
0.750694 9.99728E-05 9.99728E-05 0.249006 9.99728E-05
0.304856 0.405128 9.9991E-05 0.266933 0.0229838
0.374473 0.396827 0.16222 0.0663803 9.9991E-05
0.541198 0.118398 0.179901 0.160403 9.9991E-05
9.9973E-05 0.875602 0.124098 9.9973E-05 9.9973E-05
0.125495 0.0174075 9.9982E-05 0.856897 9.9982E-05
0.0486796 0.495762 0.00696006 0.297296 0.151302
0.150237 9.9982E-05 9.9982E-05 0.690542 0.159021
0.0921609 0.762091 0.0690527 9.9991E-05 0.0765952
0.0145247 0.654363 0.172795 0.0535316 0.104786
9.9973E-05 9.9973E-05 0.99342 9.9973E-05 0.00627966
0.0114226 9.9982E-05 0.981924 9.9982E-05 0.00645311
0.0161197 9.9982E-05 0.976517 0.00716374 9.9982E-05
9.997E-05 9.997E-05 0.9996 9.997E-05 9.997E-05
0.00709518 9.9982E-05 0.989049 0.00365633 9.9982E-05
0.000408316 9.9982E-05 0.985273 0.014119 9.9982E-05
0.0019685 0.00518145 0.99265 9.9982E-05 9.9982E-05
0.00507292 9.9982E-05 0.984356 9.9982E-05 0.0103716
9.9991E-05 0.0109134 0.984851 0.00367665 0.000458733
9.9982E-05 9.9982E-05 0.981223 0.0101993 0.00837825
9.9982E-05 0.00384328 0.989206 0.00675101 9.9982E-05
9.9991E-05 0.000698824 0.981175 0.0129816 0.00504413
9.9982E-05 0.00400645 0.995575 9.9982E-05 0.000218367
9.9973E-05 0.0047372 0.994963 9.9973E-05 9.9973E-05
0.00761522 0.00601727 0.982671 0.00283479 0.000861375
9.9982E-05 0.00292425 0.993418 9.9982E-05 0.00345736
9.9973E-05 0.00299911 0.996701 9.9973E-05 9.9973E-05
0.00221183 9.9982E-05 0.986798 9.9982E-05 0.0107905
0.00184252 9.9982E-05 0.99108 9.9982E-05 0.00687758
9.9973E-05 9.9973E-05 0.993142 9.9973E-05 0.00655834
0.000250601 0.00690302 0.990786 9.9991E-05 0.00196055
9.9973E-05 0.00340943 0.996291 9.9973E-05 9.9973E-05
9.9973E-05 9.9973E-05 0.996101 0.00359898 9.9973E-05
9.997E-05 9.997E-05 0.9996 9.997E-05 9.997E-05
9.9973E-05 0.00476525 0.994935 9.9973E-05 9.9973E-05
9.9973E-05 9.9973E-05 0.996475 9.9973E-05 0.00322473
9.9973E-05 9.9973E-05 0.99339 9.9973E-05 0.00631027
0.00236686 0.00651805 0.987912 9.9991E-05 0.0031031
9.997E-05 9.997E-05 0.9996 9.997E-05 9.997E-05
9.997E-05 9.997E-05 0.9996 9.997E-05 9.997E-05
9.997E-05 9.997E-05 0.9996 9.997E-05 9.997E-05
9.9982E-05 0.00764608 0.989055 9.9982E-05 0.00309905
9.9973E-05 0.00347393 0.996226 9.9973E-05 9.9973E-05
9.997E-05 9.997E-05 0.9996 9.997E-05 9.997E-05
9.9973E-05 9.9973E-05 0.992967 9.9973E-05 0.00673337
0.0116673 9.9982E-05 0.986264 0.00186867 9.9982E-05
9.9982E-05 0.0095997 0.987714 9.9982E-05 0.00248588
0.00859304 0.00449578 0.986711 9.9982E-05 9.9982E-05
0.00153475 0.00520372 0.993062 9.9982E-05 9.9982E-05
9.9973E-05 0.0013282 0.998372 9.9973E-05 9.9973E-05
9.9982E-05 0.0117997 0.985062 9.9982E-05 0.00293826
9.9991E-05 0.00599941 0.982012 0.00825536 0.00363333
9.9982E-05 0.00682507 0.987797 9.9982E-05 0.00517778
0.0140601 9.9973E-05 0.98564 9.9973E-05 9.9973E-05
9.9973E-05 9.9973E-05 0.992812 9.9973E-05 0.00688765
0.00481472 9.9982E-05 0.993985 0.00099994 9.9982E-05
9.9982E-05 9.9982E-05 0.989991 0.00625051 0.00355818
0.000997568 9.9982E-05 0.992933 0.00586945 9.9982E-05
9.9973E-05 9.9973E-05 0.9965 0.00319969 9.9973E-05
9.9991E-05 0.00725083 0.984176 0.00713042 0.00134268
